4.630234139000001
4.795919853999998
4.686377071999999
4.853093562999999
4.595773739
4.698500034999998
4.755081563
5.003091547999997
5.188000820000001
5.298376409000004
5.329093630999996
5.343926842999994
5.2158066280000055
5.232639959000007
5.285734656000001
5.2176458149999965
5.334309663000007
5.204707078999999
5.254721109999998
5.280736875000002
5.219272666999998
5.167975966000013
5.303709452999988
5.343846147000004
5.448570013999997
5.246529576000001
5.274033265999984
5.316342788000009
5.445206101999997
5.408536309000017
5.269043612999987
5.2084063399999865
5.214571980999986
5.2730783360000055
5.179572886000009
5.293157987000013
5.3470507770000255
5.418847815999994
5.377018076000008
5.314138474999985
5.241518989999983
5.303632658000017
5.695223473999999
5.254563449999987
5.38704614000002
5.370481018999999
5.468032227000018
5.253468453999987
5.317444117000006
5.287393298000039
5.448406442999998
5.236011446
5.404199708
5.298609457000002
5.184716178999995
5.227545063999998
5.228099236000002
5.417112912999997
5.282485622
5.379560366999998
5.262590863000005
5.500168621000005
5.335754822000003
5.210894451999994
5.267874545000013
5.671408655000007
5.242106987000007
5.270028445999997
5.369444936
5.242831818000006
5.327272683999996
5.298718294000006
5.257426020999992
5.282763825000002
5.327286492999992
5.201174614999997
5.242637565000011
5.215300538000011
5.427159626000008
5.336301387999993
5.3255668429999785
5.338195259
5.267271978000005
5.531768588999984
5.180562923999998
5.332502458000002
5.194145671000006
5.232069606000005
4.93216865800001
5.3623100919999995
5.310104003999993
5.371721021999983
5.301272236999997
5.3159147489999885
5.2706118669999995
5.336928025000001
5.4904562259999805
5.346530744000018
5.266942486000015
5.311478897999972
