18.313546526
17.004666924
17.235866937000004
17.104855925000003
17.115356566000003
16.970701218000002
16.952685861000006
16.996866211999993
17.228054398999987
16.972262809000007
17.01596604999999
17.244404391999996
17.16544588299998
16.92772286499999
17.197571467000003
17.05648001900001
17.11992035599996
16.976773790000006
17.332553147000027
17.017257407999946
17.097258854000014
17.174003434000014
17.183964210000006
17.23318089399999
17.18174090600002
17.127822601
16.654424534
17.556412356999992
16.880004479999997
17.025970421999997
16.768403548000002
16.995295748000004
16.97626778400001
17.41833609299999
16.821107055
17.12145977300001
17.262343518999987
16.935886549999996
16.883266889999998
16.986396350000025
17.004740415000008
16.998046843999997
17.194788551000006
17.079251124000002
17.049233814999987
17.003263298000036
17.10503746099997
17.403942773999997
17.091454336000023
17.008452231000003
18.087940285000002
16.955167218
16.852501811999996
17.021299746000004
17.095815621999996
16.825557830000005
16.282399983999987
17.083105548999985
17.050507264999993
16.918489205999997
16.974883230999986
16.78402131099999
17.259167915
17.782170752999985
17.228108947999978
17.119989416999974
16.920573649000026
17.238091696999966
16.999318582999987
16.982071626999996
17.087843804000002
17.125258724000012
17.057667353999975
17.38389309800003
17.15810313599999
17.749157012
16.92730279
16.968626283
17.081118313000005
17.059992413
16.971763741999997
16.927671178000004
17.066840209999995
16.928417101
16.957126569999993
16.906419193999987
17.053008233
16.973999633999977
17.16360568899999
16.956564631999964
16.93720998799999
17.11680931099999
17.06597992199997
16.97560440400004
17.08088617900002
17.03611909499997
17.048869354999972
17.02967170300003
17.12080210999999
17.287803223000026
