29.235495717
28.998469341000003
27.849450385000004
28.830839036999997
29.169092477
29.196330927
28.736372959
28.679734846000006
28.92698129700002
28.985009514999984
28.79340358600003
28.946459699
28.92904357399995
29.106523604999996
29.011250345000008
29.242470465
28.800705341999993
28.665798872
28.691700297000004
28.88160938699999
28.757449758000003
28.459925186000007
28.83139014599999
28.832042984
29.144050144999987
28.970612449000008
28.973066434999986
28.927853146999958
28.828832617999986
28.812737790999993
30.042482733999996
28.928563011000005
28.704810647000006
28.577208302000013
28.750287706
28.816428035999998
28.54748770899998
28.789496056999983
28.91621272499999
29.10966321899998
28.767389158000004
29.11054570399999
28.781222485999983
29.071073797999997
28.78603835300001
29.767474714000002
28.735196117000008
28.66235312
28.442985446000005
28.897439729999984
28.84261555800002
29.050463402000023
28.880139055000008
29.008106712999986
28.29455958
29.135917614000036
28.903852566000015
28.812970187999948
28.95668668600003
28.933704406000032
30.009284160999997
28.774232667999996
29.201612265000005
29.157588864999997
28.07724961
28.76977369
28.898803445000027
28.745453780999988
28.998872784999985
28.76278973899997
28.791465316999993
28.88047881399997
29.005818671000014
29.238723063000013
28.955519472000013
28.910276174
29.100809776999995
28.433479716
28.676577179
28.694564084999993
29.086339337000013
28.479451690000015
28.64481135599999
29.222442839000024
29.216065124999965
29.131823860000004
28.95122639700002
28.87302713
29.01597402699996
28.96377695900004
29.847063436000003
28.570699028000003
28.555279954999992
29.180169563000003
28.771728218999996
28.608427079000016
28.861212848000026
28.742861776000005
28.819970383999987
29.143177464000008
28.937766395000043
28.879610693000025
28.891375528000005
29.216364941000005
29.116998941999977
