41.034728801
40.836925711999996
40.781663965
40.72001126
40.550713957
40.57607501100001
40.78629483899998
40.615767116
40.775891333999986
40.38204424700001
40.975973795
40.630770766999994
40.56379513899998
40.416106401
40.333419857
40.43262994299998
40.255251442999985
40.391999336000005
40.560442296000026
40.29064889899996
41.155240228000004
40.840859126
40.39625950000001
40.384456130000004
40.56489097400001
40.23988006299999
40.45222124499999
40.151133568999995
40.62374897399999
40.476916299999985
41.686621113
40.338649773
40.62823706900001
40.37801631100002
40.168163436
40.542796085000006
40.54333635500001
40.695106444999986
41.35391846299998
40.368419949
41.313719496
40.50237066700001
40.31619331099998
40.38542368900002
40.68636259100001
40.94073323499999
41.52227529100003
42.664244789000016
40.644243895000024
40.735708435000035
41.971480307
40.804854263
40.448429649
40.31472746399999
40.62035404
40.289016585000006
40.84870524399998
40.605027635000006
40.640782785999995
40.645060964
41.850227092000004
40.348539398999996
40.392000787
40.598816605
40.22310958799999
40.43660075700001
40.49307913900001
40.572881007999996
41.24310377799999
40.996784469000005
40.232389307999995
40.734188308
40.39179341
40.487190841
39.57439250399999
40.46235042499998
40.657327136000006
40.87208249999996
40.471372473000024
40.12036661899998
40.934905191999995
40.389125537
40.453290657000004
41.37215133999998
40.643362658
40.94525265000001
40.767183556000006
40.91307322600001
43.21854303400003
41.06967777900002
41.675278715
41.123033357
40.360635729
40.11949564799998
40.59340649299999
39.337587062000004
40.99099589299998
40.7028897
40.899136764
40.801492591999995
