53.47397386
52.333500224000005
52.18818802500001
52.57726958399999
51.50030746699998
52.46434718400001
52.16330182699999
52.350867886000024
51.95690072400001
52.44179479799996
52.005629843
52.572899482
52.122849669999994
51.29812063200001
52.24485812800002
52.21558309800003
52.63145083699998
52.68436325499997
52.527414307
53.04292025600007
52.373757897999994
52.39469527799999
52.09796728700001
52.52472255799998
52.392919257
52.66960027300002
52.715318992000014
52.835330933000016
52.77892881699995
53.60273418799997
53.538311667
52.16428219
51.48500191300001
52.631746178
52.78598273299998
54.610096479
52.99928687499999
52.463500426000046
53.057372157
52.94964974100003
52.762971525
52.320548072
52.26396040899999
52.08735939900001
52.659038341000006
52.394654242000016
52.16731874700001
52.59348617800005
52.73674682100001
52.52629044099996
52.171059717999995
52.30499127699999
54.324490363
52.618494930999994
52.51170861000003
52.16327952500002
52.111190032999964
52.083637349999975
52.967502479999965
52.528052133000045
53.069026849000004
53.185329380999995
52.20682336499999
52.70449169699999
52.615526278000004
52.38941020799999
52.651325152000005
52.798642729000015
53.053305611999996
52.546636893999995
53.148459792
52.130836366
52.27008107899999
52.364904159
52.267789128000004
52.76606360599998
52.28233913899999
52.66545957399998
53.01671849
52.943306062999994
53.119056008
51.909331910000006
51.87322842600002
52.10502308000002
52.176569867999994
52.39660123299999
51.25406864300003
52.628121691000004
52.38342162799998
52.64254132199998
53.051196649000005
52.665543173
52.024859436
52.29379197700001
51.902965645000016
52.76805842499999
52.042072415999954
52.94244628999999
52.669084852
52.684154865000046
