63.537422404000004
64.017895198
64.054239982
64.22251207599999
64.37425850599999
65.103740708
64.53041138799999
64.430993295
64.13125199299998
64.05424397199997
64.846013148
64.121920104
64.25634762700001
66.431882763
67.93064873600001
67.41759848199999
67.18500511599999
66.17579885999999
64.011121231
64.57230943300004
65.30560571000001
63.93212593800001
63.94739270300002
63.84697931399997
64.32793332100002
64.78514532700001
62.908012195999994
63.865279667000024
63.68809925400003
63.97778495599999
64.77490495400001
63.543960087000016
63.479705577999994
63.56904081499999
64.12485453199997
65.288866127
64.627571721
64.10803993700003
64.14748944000003
64.52829786399997
64.930939166
64.23049480300001
63.55432358700002
64.52758966300001
64.40837176399998
64.948618618
63.989654135
63.947795316000004
64.164274076
64.443345852
64.13250440799999
64.17763833000001
64.44427756799999
63.94849781800001
64.17057167700003
65.29366365599999
63.57581327
64.110512055
64.13715299700003
64.08288269999996
65.434851379
64.025344564
63.96550409599999
64.24161128499999
64.384003119
65.438845387
63.95320063399999
64.06577244600001
63.930208728
64.48666444800003
65.712690448
64.36648829499998
63.968208710000006
64.15009985500001
64.10851912100001
64.50325859499999
63.88541769899998
64.01125944599998
64.17013207699999
63.97634246899997
65.443514905
63.71388713099999
63.87107774899999
63.82586093299996
64.28414522299997
64.77545758
64.568853025
64.05594123299998
63.729614554
63.872223190999996
65.134628905
64.141137918
64.03255324000001
63.68145134299999
63.624925940999994
65.027263324
63.892435733000006
64.224530608
64.14914884400001
64.15427843399998
