5.820440575
5.360698820000001
5.260113279000001
5.304120237999999
5.4992767329999985
5.295767321
5.290424000999999
5.326448431999998
5.341741926000003
5.503325630000007
5.366322289000004
5.297089234000007
5.271721904000006
5.450766090000005
5.290072816999993
5.306189914000003
5.267581701999996
5.342594312000001
5.2873551520000035
5.3686828530000055
5.30284623000001
5.435288348999995
5.340677985000002
5.247295421999981
5.305354782999988
5.390409328999987
5.252201029999997
5.206912135999999
5.367301219999994
5.460072979999997
5.287730481000006
5.35456078900001
5.3376895800000055
5.285512422
5.266807910000003
5.280599417999998
5.439574613999983
5.489738318999996
5.316425923000002
5.286892707999999
5.315186398999998
5.311027830000007
5.430389934999985
5.34859935199999
5.309901911999972
5.391582376999985
5.401939295999997
5.32122247399998
5.362309997000004
5.370411537999986
5.502309555999993
5.39480252300005
5.347119449999998
5.355290628999995
5.47726834499999
5.3318601640000125
5.486545840999985
5.351419781000004
5.607466607999988
5.417355332000007
5.416510996000026
5.352915710000031
5.442107271999994
5.462394131999987
5.446748192999977
5.723705958999984
5.494666160999972
5.390384387999948
5.393329117999994
5.39391093199997
5.409272200000006
5.5516753040000335
5.48833588800003
5.445331911000015
5.426698617000016
5.5205382439999955
5.3882580309999755
5.403113497000013
5.521445102000027
5.492931443000038
5.447070652000024
5.545736342999968
5.514430358999991
5.510880897999974
5.453189477999985
5.468265464999946
5.423009444999974
5.488828854000022
5.488800699000014
5.465687636000046
5.558414181999979
5.664474493999966
5.196726151999959
5.663050080000016
5.500232233999996
5.648929809000052
5.200123588000075
5.414141872999957
5.523797283999971
5.664912372999941
