5.413203316
2.907110527
2.83243721
3.035158308
3.1001351620000004
2.8308825209999995
2.7225934799999996
2.7940686939999977
2.615710686000002
2.712543050999997
2.6636651530000055
2.711666344999998
2.6400819469999988
2.7246373479999964
2.5972093279999973
2.8678768469999993
2.7586746429999986
2.926214305000001
2.9400461609999984
2.9131535189999993
2.835475587000001
2.885516549
2.8063367510000026
2.6662559940000063
2.8270689750000018
2.940862693999996
2.945415997999997
2.9242554979999986
2.7761505380000018
2.8605229859999963
2.7447289769999914
2.797102436999994
2.765386522999994
2.756918620000011
2.7742832220000126
2.691743663000001
2.8587883100000036
2.781172986999998
2.738206919999997
2.785187825999994
2.745793841999999
2.831926211999991
2.690976624999996
2.7953166330000094
2.6665573399999993
2.8062833229999815
2.6774328119999846
2.8060980909999924
2.6995942020000077
2.9175742969999847
2.703142977999989
2.7524362649999965
2.727784791999991
2.8673254850000083
2.680359697000007
2.995384707999998
2.6774125179999975
2.7947263549999914
2.7157043429999903
2.827767083999992
2.7358203599999835
3.0038378779999912
2.667220258000016
2.7793597779999835
2.8133451709999937
2.7321519079999996
2.7221099819999943
2.832847826000012
2.819981331999996
2.7576338149999793
2.919494982999982
3.023123768999998
2.9125413009999903
2.8140598019999743
2.718475655999995
2.7939973560000073
2.7323756749999886
2.855688109999988
2.639540660999977
3.0879265070000255
2.9009290179999954
2.9647911619999796
2.8269081130000124
2.842452326999977
2.615745133999997
2.724435220000014
2.6626572250000025
2.705978613999992
2.63718134499999
2.7406250549999824
2.678132963000011
2.702974400999985
2.6174854379999744
2.7727784519999985
2.6555914590000174
2.7458152179999744
2.6446399020000246
2.759524179
2.618059170000022
2.7375549950000133
