11.845756945
11.746409533999998
12.071652043000002
12.267606007000001
12.163802493999995
12.206615271000002
12.264479531000005
12.334309219000003
12.471968324999994
12.42496250400001
12.253965620000002
12.244610252000014
12.331948365999997
12.22195580299999
12.293920301999984
12.465273154000023
12.206026293000003
12.482337227000011
12.255858206000005
12.168598532999981
12.447448799000034
12.355967837000033
12.196076168
12.253531446999986
12.196642701000034
12.63677555099997
12.238991419000028
12.22775154799997
12.34416214500001
12.282764434999962
12.303535242999962
12.271719918999995
12.557071861999983
12.374316526000039
12.39732552100002
12.660788250000042
12.234896530999977
12.270840864999977
12.552688686000009
12.366848406000004
12.529592892999993
12.423125427999999
12.531848298000055
12.397303876999999
12.466502707000007
12.411087840999942
12.533936176000047
12.405250017999904
12.412308820999925
12.574079810000026
12.395548919000081
12.41652151500003
12.434929272999987
12.540022660000018
12.418302853000002
12.616048100999906
12.735797427000012
12.643506698999904
12.889706390999956
12.530665107000036
12.80974250599998
12.511581581000005
12.534821515000075
12.43894810700009
12.523270922000055
12.7025828930001
12.799967953999992
12.642820004999987
12.772484056999907
12.66733215100004
12.574320167999947
12.66756359799998
12.740562968999962
12.546528390999999
12.55740435700002
12.582626091000042
12.797442062999936
12.573068086000044
