0.5270419739999997
0.5628990859999995
0.5056266180000002
0.5775463330000002
0.5274992839999996
0.4990048150000002
0.5094946609999988
0.5126153529999993
0.5011663360000003
0.5189609849999998
0.5705363070000021
0.822181485000001
0.5937198639999988
0.6024310470000018
0.6056198890000014
0.599966719
0.5989301300000006
0.5966374890000007
0.5899022949999999
0.6136388509999997
0.5961707690000003
0.5953822959999998
0.5743852899999984
0.5834310450000012
0.591526758
0.5926636169999984
0.5865988629999993
0.579384066999999
0.5859361439999994
0.5932151970000014
0.5897570140000026
0.6000767339999984
0.5947225609999987
0.5963519029999989
0.5956946610000013
0.5892033580000025
0.5996569820000004
0.5986702329999971
0.5924173819999996
0.5790628159999979
0.5783962769999998
0.612393974999999
0.6900344239999977
0.5879007669999992
0.5852799539999978
0.5819223239999992
0.606406339999994
0.6044193159999995
0.579995382999994
0.5919676639999961
0.6036200230000032
0.5957606450000021
0.5891256909999938
0.5792858760000017
0.5885639179999999
0.5891913700000004
0.5996582840000046
0.6115052690000011
0.596034424000005
0.5880174919999991
0.5846070519999994
0.5904903450000056
0.5980557009999975
0.5872949540000045
0.6042001980000059
0.580275155999996
0.5889984069999992
0.5994369670000015
0.6096909999999989
0.581917757999996
0.5820039269999979
0.6068299990000015
0.5913980349999983
0.6096880260000035
0.582386986999998
0.5923581090000007
0.5861576490000007
0.5856286170000021
0.6002610420000055
0.5888586600000053
0.6470501320000039
0.6050650920000044
0.5913180210000064
0.582033583999997
0.613561944000001
0.6072741640000022
0.5879865340000033
0.5812994010000039
0.5951583570000003
0.5981981710000036
0.5973176299999977
0.6049855349999999
0.5826589409999943
0.5981213669999997
0.590435547999994
0.609037461999993
0.5786251670000057
0.5919885920000088
0.5930679519999976
0.5967210659999982
