5.331634399000002
5.305513508
5.359146090999999
5.329437177
5.412052547999999
5.282671144
5.265748105000006
5.205885504999999
5.249960069000001
5.3274962020000025
5.289828175999995
5.532520342000003
5.2964935339999935
5.371706510999997
5.276594604000013
5.365254837
5.361318407999992
5.224893098000001
5.257397761
5.567057444999999
5.302325559000004
5.289060717999994
5.244516116999992
5.295941965999984
5.4067221869999775
5.263070726000006
5.286646460999997
5.335034111000016
5.275269720000011
5.315228285999998
5.250303749000014
5.515322516999993
5.344365174999984
5.268866628999996
5.2667309240000035
5.528326149000001
5.360463678999978
5.402788345999987
5.360759621000005
5.406786180000025
5.346951093999989
5.353278384999983
5.343071778999991
5.393696393999999
5.588762654999998
5.299846965999983
5.312003789000009
5.406136831999989
5.289059316000028
5.300647459999949
5.362278866000008
5.463253073
5.408483208000019
5.438483802000002
5.401855898999958
5.505860027000017
5.750163090999995
5.485168820000021
5.38186689299997
5.385940158000041
5.452786895000027
5.4268610900000205
5.530150725999963
5.465233217999979
5.374145067000005
5.404617602000013
5.348261226000031
5.104726911999983
5.182343441000033
4.902412754999998
4.873169127999979
5.40231637700001
5.720348808999988
5.47110970999999
5.530039470000018
5.488327170000004
5.7599948430000225
5.490812257999962
5.4489154639999615
5.761047149999999
5.48674281299999
5.447214879999985
5.426063561999996
5.47623576099996
5.832297434000007
5.517332785000035
5.4919063740000125
5.480250485000026
5.4977082159999995
5.584540136000025
5.54709350399999
5.30041343200003
5.740868667000032
5.5061660590000105
5.404853347999975
5.797343666000059
5.59780568999995
5.553014296000009
5.693966233000043
5.464301489000092
