3.6800724979999995
3.7447941030000003
3.561771463000001
3.6516873670000023
3.556950288
3.606885629999997
3.4036822390000014
3.6337478310000004
3.456651522
3.489206539999999
3.5245647790000003
3.5322318280000036
3.4268128609999984
3.607999988999996
3.4527340479999986
3.4731094799999918
3.547883384000001
3.553086956999992
3.444619272999989
3.6538278419999988
3.5419625890000024
3.4913402849999984
3.531073220999999
3.601539346999998
3.479324876999992
3.6607854450000015
3.566235037999999
3.49897374999999
3.5276731319999963
3.620409535999992
3.479694397000014
3.5412590559999955
3.4727997700000124
3.4993110289999896
3.5443140520000016
3.553312460999994
3.505945282999979
3.629313647999981
3.5580068489999976
3.5189937640000135
3.5551562339999947
3.660918502000015
3.4503508030000085
3.6036033300000128
3.4708915449999913
3.4528143419999977
3.559580084999994
3.573166744999995
3.474888099999982
3.586812807999988
3.5215556959999956
3.5077321710000104
3.543978998000006
3.528081849999988
3.4960868829999816
3.5867553929999993
3.5564331010000023
3.4890503899999894
3.5934342199999953
3.5549199089999894
3.416287767000002
3.584195206000004
3.5491532130000123
3.531399888999993
3.6127532919999794
3.593112370000017
3.4605522490000005
3.487477877999976
3.7732443090000016
3.5585697579999978
3.428930001999979
3.5797708170000115
3.5163294330000063
3.507557667999994
3.5287443259999853
3.6290215709999902
3.503533189000038
3.621052136000013
3.561608087999979
3.4408873090000123
3.576444155999983
3.583266041999974
3.511360635999998
3.6645801980000106
3.557409408000007
3.4773211710000176
3.5728908079999964
3.6038239869999815
3.4287382769999675
3.591247084999981
3.5998463520000223
3.492566412000044
3.536953771999979
3.590793650000007
3.49139437600004
3.6241535640000366
3.5545662190000296
3.475629344000015
3.543292183000012
3.639951118000026
