12.849946768
11.879256742
11.835470083
11.715224005000003
11.857892204999997
11.905462169999998
11.644195150999993
11.693523189
11.68570547100001
11.792794785000005
11.683647864
11.706372329999983
11.709289384000003
11.80924646699999
11.646563862999988
11.763178916000005
12.089370033999993
11.738610241999995
11.674387489000015
11.71894253
11.705724726000016
11.59643845800002
11.703163570000033
11.684620506999956
11.643899205000023
11.762114241000033
11.735192376999999
11.830329203000002
11.902974205000035
11.767086297000002
11.819237674000032
11.390981773999986
11.700473220999992
11.722999420999956
11.780609246000008
11.860155842999985
11.874984688000055
12.117247466999979
11.696804054000008
11.507513734999986
11.899901886000007
11.828149008000036
11.781119267000001
11.727877145000035
11.743197721000062
11.168122482000035
12.100969357999974
11.827328328999924
11.839196032000007
11.837291010000044
11.881343587000039
11.850705344000016
11.971338562000078
12.086292714000097
11.835338556000032
11.877420360999997
11.82736029900005
11.789915563000017
11.811320697000017
11.757537706999923
11.86274577300006
11.835152878999942
11.896495874000015
11.832459848999978
12.74317090399994
12.411270711000077
11.902174769999926
12.13650410400005
11.921079159000074
11.834467775000027
11.924145088999998
11.95332039899996
11.949329660000046
11.934764713999932
12.136430632999982
11.988110262000003
11.98002440200001
11.966488087000092
11.985006813000073
12.283694201000035
12.182054935999913
11.84221193999995
12.065926118999952
11.983210696000024
12.090152551000006
12.024524209000054
12.076040018999949
12.140240727000055
11.985755604000063
12.038876653000013
11.962960695000133
12.101147482000059
12.05289556399989
12.16960413699993
12.013737292000092
12.122170334999915
12.11289251799998
12.16531582499994
