9.218446595000001
8.951971562999999
8.714008778
8.700736829000002
8.808311983
8.763614403
8.979195245000003
8.617809964999994
8.646651087999999
8.852545488000004
8.611407917999998
8.946651637000002
8.624559668999995
8.594146594999998
8.702940053999978
8.829168925999983
9.011149501000007
8.596697501999996
8.791464252000004
8.824123408000014
8.620906168000015
8.844162259000004
8.595485934000026
8.792016841000004
8.753159623999993
8.726194210999994
8.692371378000011
8.871870125000015
8.602956865999964
8.680443056000048
8.699252119000011
8.760393714000005
8.892706883000034
8.603374572
8.965941152999992
8.764060241999978
8.599258650999982
8.844026515000035
8.611225325000007
8.67232581400004
8.673314436000014
8.636478936999978
8.838864394999982
8.814714495999972
8.842288264000032
8.74149248200003
8.719577289999986
8.732992512999976
8.849280836999998
8.803141064999974
8.79981420600001
8.855820435000002
8.798562838999961
8.78430410899996
8.778621408000006
8.732428459000017
8.716339393000002
8.769361757999985
8.684269896999933
8.933378064000047
8.701539231000002
8.877377051000018
8.759333100000047
8.735543609000043
8.873733616000042
8.811596770000062
8.92020736599993
8.712304618000053
8.775107154999976
8.928772469999966
8.879928909000009
8.792477197000059
8.863854401999967
8.718690068999887
8.867922896999982
8.935760923000053
8.927527010999968
8.849948846000014
8.772892127000029
8.901423717999947
8.851546286000055
8.996153909000103
8.939310520999948
8.863024977999972
8.63725214700005
9.309300612999941
9.075369481000001
8.921964553999947
9.07637567999994
8.952419772999944
9.283888126000063
8.983748288000003
8.899693708000006
9.225343286999967
8.889991163
8.91736788200005
9.058041665000026
8.940012606999954
8.891796300999937
8.960491636999999
