0.5159374119999993
0.52950144
0.5225180739999996
0.5119093870000015
0.5066125279999997
0.5235407469999991
0.5311395090000005
0.5106631739999994
0.5150240689999992
0.5148170109999992
0.5303037550000008
0.5202457020000002
0.6375924259999992
0.508001894000001
0.5189198770000003
0.5043521939999992
0.5002894610000003
0.5107114340000007
0.5020371670000022
0.5211104809999997
0.5157502309999982
0.5242204249999995
0.5058977449999984
0.5278977969999978
0.5413541330000007
0.5193917930000025
0.532150160000001
0.5264503020000011
0.5749823030000006
0.5992180580000022
0.5982933159999994
0.6032793709999968
0.5790951999999997
0.5994967120000001
0.6064047910000009
0.6072774669999998
0.5978330620000015
0.5952457009999998
0.5928689269999959
0.5843478309999991
0.610070676000003
0.6002294069999989
0.5835827610000052
0.5967318890000024
0.5970369130000035
0.6065876869999993
0.5945344259999984
0.5945794489999972
0.5959489790000007
0.7504572359999947
0.5967619089999935
0.5914520219999977
0.578082500000004
0.6108314559999999
0.6111753000000026
0.6108925890000028
0.583967095
0.5831360110000023
0.5852152629999983
0.5915075389999983
0.5988118099999993
0.6094621979999938
0.5897825329999978
0.5793979130000007
0.593177094999999
0.5812305740000011
0.5951124909999999
0.583183223
0.5742348930000007
0.5808880649999992
0.5769917280000009
0.5834310259999984
0.6054661660000056
0.581695461999996
0.586069528
0.5910728810000001
0.5758952390000049
0.5974476159999976
0.5968996729999999
0.5919487870000012
0.5872706749999997
0.5932766239999983
0.6028133839999936
0.6243419470000008
0.5862915170000051
0.5824451199999967
0.5868901719999995
0.6033121679999968
0.6113300969999982
0.5670776469999983
0.576338208000001
0.583116353999998
0.5878078099999984
0.6034845740000019
0.5893694309999992
0.5818724140000122
0.5956054569999979
0.5879256700000115
0.589044848000005
0.6047912169999908
